0 Click Lock Hinge Single Finger Tall
0 Name: clh12.dat
0 Author: Michael Heidemann [mikeheide]
0 !LDRAW_ORG Primitive UPDATE 2026-09
0 !LICENSE Licensed under CC BY 4.0 : see CAreadme.txt

0 BFC CERTIFY CCW

0 !HISTORY 2012-05-25 [cwdee] Changed winding
0 !HISTORY 2012-12-28 [PTadmin] Official Update 2012-03
0 !HISTORY 2026-07-21 [MagFors] adapted to lo-res
0 !HISTORY 2026-09-30 [OrionP] Official Update 2026-09

1 16 3.48 4 -7.826 .52 0 0 0 1 0 0 0 -.52 8\1-4edge.dat
1 16 3.48 4 -7.826 .52 0 0 0 -15.481 0 0 2.346 -.52 8\1-4cyli.dat
1 16 3.48 -11.481 -5.48 .52 0 0 0 -.52 0 0 0 -.52 8\1-8sphe.dat
1 16 3.48 -11.481 -5.48 0 -6.96 0 -.52 0 0 0 0 -.52 8\1-4cyli.dat
1 16 -3.48 -11.481 -5.48 -.52 0 0 0 -.52 0 0 0 -.52 8\1-8sphe.dat
1 16 -3.48 4 -7.826 -.52 0 0 0 -15.481 0 0 2.346 -.52 8\1-4cyli.dat
1 16 -3.48 4 -7.826 -.52 0 0 0 1 0 0 0 -.52 8\1-4edge.dat
1 16 3.48 4 7.826 .52 0 0 0 1 0 0 0 .52 8\1-4edge.dat
1 16 3.48 4 7.826 .52 0 0 0 -15.481 0 0 -2.346 .52 8\1-4cyli.dat
1 16 3.48 -11.481 5.48 .52 0 0 0 -.52 0 0 0 .52 8\1-8sphe.dat
1 16 3.48 -11.481 5.48 0 -6.96 0 -.52 0 0 0 0 .52 8\1-4cyli.dat
1 16 -3.48 -11.481 5.48 -.52 0 0 0 -.52 0 0 0 .52 8\1-8sphe.dat
1 16 -3.48 4 7.826 -.52 0 0 0 -15.481 0 0 -2.346 .52 8\1-4cyli.dat
1 16 -3.48 4 7.826 -.52 0 0 0 1 0 0 0 .52 8\1-4edge.dat
1 16 -2 -7 0 0 1 0 2.25 0 0 0 0 2.25 4-4disc.dat
1 16 -2 -7 0 0 1 0 2.25 0 0 0 0 2.25 4-4edge.dat
0 BFC INVERTNEXT
1 16 -2.25 -7 0 0 .25 0 2.25 0 0 0 0 2.25 4-4cyli.dat
1 16 -2.25 -7 0 0 1 0 2.25 0 0 0 0 2.25 4-4edge.dat
0 BFC INVERTNEXT
1 16 -3 -7 0 0 .75 0 .75 0 0 0 0 .75 4-4con3.dat
0 BFC INVERTNEXT
1 16 -4 -7 0 0 1 0 1 0 0 0 0 -1 3-8con3.dat
0 BFC INVERTNEXT
1 16 -4 -7 0 0 1 0 1 0 0 0 0 1 3-8con3.dat
1 16 -4 -7 0 0 1 0 4 0 0 0 0 4 3-8edge.dat
1 16 -4 -7 0 0 1 0 4 0 0 0 0 -4 3-8edge.dat
1 16 -4 -7 0 0 1 0 0 0 -4 4 0 0 1-8tndis.dat
1 16 -4 -7 0 0 1 0 0 0 4 -4 0 0 2-4ndis.dat
1 16 -4 -7 0 0 1 0 0 0 -4 -4 0 0 1-8tndis.dat
1 16 2 -7 0 0 -1 0 2.25 0 0 0 0 -2.25 4-4disc.dat
1 16 2 -7 0 0 -1 0 2.25 0 0 0 0 -2.25 4-4edge.dat
0 BFC INVERTNEXT
1 16 2.25 -7 0 0 -.25 0 2.25 0 0 0 0 -2.25 4-4cyli.dat
1 16 2.25 -7 0 0 -1 0 2.25 0 0 0 0 -2.25 4-4edge.dat
0 BFC INVERTNEXT
1 16 3 -7 0 0 -.75 0 .75 0 0 0 0 -.75 4-4con3.dat
0 BFC INVERTNEXT
1 16 4 -7 0 0 -1 0 1 0 0 0 0 -1 3-8con3.dat
0 BFC INVERTNEXT
1 16 4 -7 0 0 -1 0 1 0 0 0 0 1 3-8con3.dat
1 16 4 -7 0 0 -1 0 4 0 0 0 0 -4 3-8edge.dat
1 16 4 -7 0 0 -1 0 4 0 0 0 0 4 3-8edge.dat
1 16 4 -7 0 0 -1 0 0 0 -4 4 0 0 1-8tndis.dat
1 16 4 -7 0 0 -1 0 0 0 4 4 0 0 2-4ndis.dat
1 16 4 -7 0 0 -1 0 0 0 -4 -4 0 0 1-8tndis.dat
1 16 3.48 -11.481 5.48 .52 0 0 0 -.16 -.52 0 -1.48 0 8\1-4cyli.dat
1 16 3.48 -11.64 4 .52 0 0 0 0 -.52 0 -1 0 8\1-4edge.dat
1 16 3.48 -11.64 4 .52 0 0 0 0 -.52 0 1 0 8\1-4chrd.dat
1 16 3.48 -11.481 -5.48 .52 0 0 0 -.16 -.52 0 1.48 0 8\1-4cyli.dat
1 16 3.48 -11.64 -4 .52 0 0 0 0 -.52 0 -1 0 8\1-4edge.dat
1 16 3.48 -11.64 -4 .52 0 0 0 0 -.52 0 -1 0 8\1-4chrd.dat
1 16 -3.48 -11.481 -5.48 -.52 0 0 0 -.16 -.52 0 1.48 0 8\1-4cyli.dat
1 16 -3.48 -11.64 -4 -.52 0 0 0 0 -.52 0 -1 0 8\1-4edge.dat
1 16 -3.48 -11.64 -4 -.52 0 0 0 0 -.52 0 -1 0 8\1-4chrd.dat
1 16 -3.48 -11.481 5.48 -.52 0 0 0 -.16 -.52 0 -1.48 0 8\1-4cyli.dat
1 16 -3.48 -11.64 4 -.52 0 0 0 0 -.52 0 -1 0 8\1-4edge.dat
1 16 -3.48 -11.64 4 -.52 0 0 0 0 -.52 0 1 0 8\1-4chrd.dat
4 16 -3.075 -12.16 4 3.075 -12.16 4 3.48 -12 5.48 -3.48 -12 5.48
3 16 3.075 -12.16 4 3.48 -12.16 4 3.48 -12 5.48
3 16 -3.48 -12 5.48 -3.48 -12.16 4 -3.075 -12.16 4
2 24 3.48 -12.16 4 3.075 -12.16 4
2 24 -3.48 -12.16 4 -3.075 -12.16 4
4 16 -3 -12.35 2.26 3 -12.35 2.26 3.075 -12.16 4 -3.075 -12.16 4
2 24 3.075 -12.16 4 3 -12.35 2.26
5 24 3 -12.35 2.26 -3 -12.35 2.26 0 -12.35 0 0 -12 5.48
2 24 -3.075 -12.16 4 -3 -12.35 2.26
4 16 -3 -12.35 -2.26 3 -12.35 -2.26 3 -12.35 2.26 -3 -12.35 2.26
2 24 3 -12.35 -2.26 3 -12.35 2.26
5 24 -3 -12.35 -2.26 3 -12.35 -2.26 0 -12.35 0 0 -12 -5.48
2 24 -3 -12.35 -2.26 -3 -12.35 2.26
4 16 3 -12.35 -2.26 -3 -12.35 -2.26 -3.075 -12.16 -4 3.075 -12.16 -4
2 24 3.075 -12.16 -4 3 -12.35 -2.26
2 24 -3.075 -12.16 -4 -3 -12.35 -2.26
3 16 -3.075 -12.16 -4 -3.48 -12.16 -4 -3.48 -12 -5.48
4 16 -3.48 -12 -5.48 3.48 -12 -5.48 3.075 -12.16 -4 -3.075 -12.16 -4
3 16 3.48 -12 -5.48 3.48 -12.16 -4 3.075 -12.16 -4
2 24 3.48 -12.16 -4 3.075 -12.16 -4
2 24 -3.48 -12.16 -4 -3.075 -12.16 -4
4 16 3 -9.121 -2.121 3 -9.772 -1.148 3.752 -10.45 -1.446 4 -9.828 -2.828
4 16 3 -9.772 -1.148 3 -10 0 3.67 -10.66 0 3.752 -10.45 -1.446
4 16 3 -10 0 3 -9.772 1.148 3.752 -10.45 1.446 3.67 -10.66 0
4 16 3 -9.772 1.148 3 -9.121 2.121 4 -9.828 2.828 3.752 -10.45 1.446
4 16 3.075 -12.16 4 3 -12.35 2.26 3.67 -10.66 0 3.752 -10.45 1.446
2 24 3.752 -10.45 1.446 3.67 -10.66 0
2 24 4 -9.828 2.828 3.752 -10.45 1.446
4 16 3.752 -10.45 1.446 4 -9.828 2.828 4 -9.828 4 3.075 -12.16 4
2 24 4 -9.828 2.828 4 -9.828 4
2 24 3.075 -12.16 4 4 -9.828 4
4 16 4 -11.64 4 3.48 -12.16 4 3.075 -12.16 4 4 -9.828 4
2 24 4 -9.828 4 4 -11.64 4
3 16 4 -11.48 5.48 4 -11.64 4 4 -9.828 4
3 16 4 -7 4 4 -11.48 5.48 4 -9.828 4
4 16 4 -11.48 5.48 4 -7 4 4 -3 4 4 4 7.826
4 16 4 4 -7.826 4 4 7.826 4 -3 4 4 -3 -4
2 24 4 4 -7.826 4 4 7.826
2 24 -4 4 -7.826 -4 4 7.826
4 16 4 4 -7.826 4 -3 -4 4 -7 -4 4 -11.48 -5.48
2 24 4 -9.828 -2.828 4 -9.828 -4
3 16 4 -11.48 -5.48 4 -9.828 -4 4 -11.64 -4
3 16 4 -7 -4 4 -9.828 -4 4 -11.48 -5.48
2 24 3.075 -12.16 -4 4 -9.828 -4
4 16 4 -9.828 -4 3.075 -12.16 -4 3.48 -12.16 -4 4 -11.64 -4
2 24 4 -9.828 -4 4 -11.64 -4
4 16 4 -9.828 -4 4 -9.828 -2.828 3.752 -10.45 -1.446 3.075 -12.16 -4
2 24 3.752 -10.45 -1.446 4 -9.828 -2.828
4 16 3.075 -12.16 -4 3.752 -10.45 -1.446 3.67 -10.66 0 3 -12.35 -2.26
3 16 3.67 -10.66 0 3 -12.35 2.26 3 -12.35 -2.26
2 24 3.752 -10.45 -1.446 3.67 -10.66 0
4 16 -3 -9.121 2.121 -3 -9.772 1.148 -3.752 -10.45 1.446 -4 -9.828 2.828
4 16 -3 -9.772 1.148 -3 -10 0 -3.67 -10.66 0 -3.752 -10.45 1.446
4 16 -3 -10 0 -3 -9.772 -1.148 -3.752 -10.45 -1.446 -3.67 -10.66 0
4 16 -3 -9.772 -1.148 -3 -9.121 -2.121 -4 -9.828 -2.828 -3.752 -10.45 -1.446
4 16 -3.075 -12.16 -4 -3 -12.35 -2.26 -3.67 -10.66 0 -3.752 -10.45 -1.446
2 24 -3.752 -10.45 -1.446 -3.67 -10.66 0
4 16 -4 -9.828 -4 -3.075 -12.16 -4 -3.752 -10.45 -1.446 -4 -9.828 -2.828
2 24 -4 -9.828 -2.828 -3.752 -10.45 -1.446
2 24 -4 -9.828 -2.828 -4 -9.828 -4
2 24 -3.075 -12.16 -4 -4 -9.828 -4
4 16 -4 -11.64 -4 -3.48 -12.16 -4 -3.075 -12.16 -4 -4 -9.828 -4
2 24 -4 -9.828 -4 -4 -11.64 -4
3 16 -4 -9.828 -4 -4 -7 -4 -4 -11.48 -5.48
3 16 -4 -11.48 -5.48 -4 -11.64 -4 -4 -9.828 -4
4 16 -4 -11.48 -5.48 -4 -7 -4 -4 -3 -4 -4 4 -7.826
4 16 -4 4 7.826 -4 4 -7.826 -4 -3 -4 -4 -3 4
4 16 -4 4 7.826 -4 -3 4 -4 -7 4 -4 -11.48 5.48
2 24 -4 -9.828 2.828 -4 -9.828 4
3 16 -4 -11.48 5.48 -4 -9.828 4 -4 -11.64 4
3 16 -4 -7 4 -4 -9.828 4 -4 -11.48 5.48
2 24 -3.075 -12.16 4 -4 -9.828 4
4 16 -4 -9.828 4 -3.075 -12.16 4 -3.48 -12.16 4 -4 -11.64 4
2 24 -4 -9.828 4 -4 -11.64 4
4 16 -3.752 -10.45 1.446 -3.075 -12.16 4 -4 -9.828 4 -4 -9.828 2.828
2 24 -3.752 -10.45 1.446 -4 -9.828 2.828
4 16 -3.075 -12.16 4 -3.752 -10.45 1.446 -3.67 -10.66 0 -3 -12.35 2.26
3 16 -3.67 -10.66 0 -3 -12.35 -2.26 -3 -12.35 2.26
2 24 -3.752 -10.45 1.446 -3.67 -10.66 0
0 BFC INVERTNEXT
1 16 9 -.25 0 0 -5 0 0 0 .25 -.25 0 0 8\2-4cylo.dat
1 16 9 -.25 0 0 -1 0 0 0 .25 -.25 0 0 8\2-4ndis.dat
1 16 9 -1.359 -1.133 0 -5 0 -.176 0 -.589 -.883 0 .117 8\2-4cylo.dat
1 16 9 -1.359 -1.133 0 -1 0 -.176 0 -.589 -.883 0 .117 8\2-4chrd.dat
1 16 9 -1.359 1.133 0 -5 0 -.176 0 -.589 .883 0 -.117 8\2-4cylo.dat
1 16 9 -1.359 1.133 0 -1 0 -.176 0 -.589 .883 0 -.117 8\2-4chrd.dat
4 16 9 4 -3.76 9 0 -.25 9 -1.183 -.25 9 -1.535 -2.016
1 16 6.5 -.717 -.25 0 0 2.5 .467 0 0 0 -1 0 rect2p.dat
1 16 6.5 -.717 .25 0 0 2.5 .467 0 0 0 1 0 rect2p.dat
0 BFC INVERTNEXT
1 16 -9 -.25 0 0 5 0 0 0 .25 .25 0 0 8\2-4cylo.dat
1 16 -9 -.25 0 0 1 0 0 0 .25 .25 0 0 8\2-4ndis.dat
1 16 -9 -1.359 1.133 0 5 0 -.176 0 -.589 .883 0 -.117 8\2-4cylo.dat
1 16 -9 -1.359 1.133 0 1 0 -.176 0 -.589 .883 0 -.117 8\2-4chrd.dat
1 16 -9 -1.359 -1.133 0 5 0 -.176 0 -.589 -.883 0 .117 8\2-4cylo.dat
1 16 -9 -1.359 -1.133 0 1 0 -.176 0 -.589 -.883 0 .117 8\2-4chrd.dat
4 16 -9 4 3.76 -9 0 .25 -9 -1.183 .25 -9 -1.535 2.016
4 16 -9 4 -3.76 -9 -1.535 -2.016 -9 -1.183 -.25 -9 0 -.25
1 16 -6.5 -.717 .25 0 0 -2.5 .467 0 0 0 1 0 rect2p.dat
1 16 -6.5 -.717 -.25 0 0 -2.5 .467 0 0 0 -1 0 rect2p.dat
0 // extended
2 24 9 -1.535 2.016 9 4 3.76
2 24 4 -1.535 2.016 4 4 3.76
2 24 -4 -1.535 2.016 -4 4 3.76
2 24 -9 -1.535 2.016 -9 4 3.76
2 24 9 -1.535 -2.016 9 4 -3.76
2 24 4 -1.535 -2.016 4 4 -3.76
2 24 -4 -1.535 -2.016 -4 4 -3.76
2 24 -9 -1.535 -2.016 -9 4 -3.76
4 16 4 4 -3.76 9 4 -3.76 9 -1.535 -2.016 4 -1.535 -2.016
4 16 -3.48 4 -8.346 3.48 4 -8.346 3.48 -11.481 -6 -3.48 -11.481 -6
2 24 -3.48 4 -8.346 3.48 4 -8.346
2 24 -3.48 4 8.346 3.48 4 8.346
4 16 3.48 4 8.346 -3.48 4 8.346 -3.48 -11.481 6 3.48 -11.481 6
4 16 -9 4 -3.76 -4 4 -3.76 -4 -1.535 -2.016 -9 -1.535 -2.016
4 16 9 4 3.76 4 4 3.76 4 -1.535 2.016 9 -1.535 2.016
4 16 -4 4 3.76 -9 4 3.76 -9 -1.535 2.016 -4 -1.535 2.016
2 24 9 4 3.76 9 4 -3.76
2 24 -9 4 3.76 -9 4 -3.76
2 24 4 4 -3.76 9 4 -3.76
2 24 4 4 3.76 9 4 3.76
2 24 -9 4 -3.76 -4 4 -3.76
2 24 -9 4 3.76 -4 4 3.76
4 16 9 4 -3.76 9 4 3.76 9 0 .25 9 0 -.25
4 16 9 -1.183 .25 9 0 .25 9 4 3.76 9 -1.535 2.016
4 16 -9 0 -.25 -9 0 .25 -9 4 3.76 -9 4 -3.76
0 // cond
5 24 3.752 -10.45 -1.446 3 -9.772 -1.148 3 -9.121 -2.121 3.67 -10.66 0
5 24 3.67 -10.66 0 3 -10 0 3 -9.772 -1.148 3.752 -10.45 1.446
5 24 3.752 -10.45 1.446 3 -9.772 1.148 3 -10 0 4 -9.828 2.828
5 24 -3.752 -10.45 1.446 -3 -9.772 1.148 -3 -9.121 2.121 -3.67 -10.66 0
5 24 -3.67 -10.66 0 -3 -10 0 -3 -9.772 1.148 -3.752 -10.45 -1.446
5 24 -3.752 -10.45 -1.446 -3 -9.772 -1.148 -3 -10 0 -4 -9.828 -2.828