0 Click Lock Hinge Single Finger for Bricks
0 Name: clh1.dat
0 Author: Donald Sutter [technog]
0 !LDRAW_ORG Primitive UPDATE 2026-09
0 !LICENSE Licensed under CC BY 4.0 : see CAreadme.txt

0 BFC CERTIFY CCW

0 !HISTORY 2003-12-19 [PTadmin] Official Update 2003-03
0 !HISTORY 2007-06-24 [PTadmin] Header formatted for Contributor Agreement
0 !HISTORY 2008-07-01 [PTadmin] Official Update 2008-01
0 !HISTORY 2012-02-16 [Philo] Changed to CCW
0 !HISTORY 2012-03-30 [PTadmin] Official Update 2012-01
0 !HISTORY 2022-02-22 [GeraldLasser] reduced geometry and sub-filed
0 !HISTORY 2022-09-02 [MagFors] added missing condlines
0 !HISTORY 2022-09-15 [PTadmin] Official Update 2022-05
0 !HISTORY 2026-07-20 [MagFors] adapted to lo-res
0 !HISTORY 2026-09-30 [OrionP] Official Update 2026-09

1 16 0 0 0 1 0 0 0 1 0 0 0 1 clh3q.dat
1 16 0 0 0 1 0 0 0 -1 0 0 0 1 clh3q.dat
1 16 0 0 0 -1 0 0 0 1 0 0 0 1 clh3q.dat
1 16 0 0 0 -1 0 0 0 -1 0 0 0 1 clh3q.dat

0 BFC INVERTNEXT
1 16 -2 0 -10 0 -.25 0 0 0 -2.25 2.25 0 0 4-4cylc.dat
0 BFC INVERTNEXT
1 16 2 0 -10 0 .25 0 0 0 2.25 2.25 0 0 4-4cylc.dat
0 BFC INVERTNEXT
1 16 -3 0 -10 0 .75 0 0 0 -.75 .75 0 0 4-4con3.dat
0 BFC INVERTNEXT
1 16 3 0 -10 0 -.75 0 0 0 .75 .75 0 0 4-4con3.dat

1 16 3.48 5.48 -14.48 0 -6.96 0 0 0 .52 -.52 0 0 8\1-4cyli.dat
1 16 3.48 -5.48 -14.48 0 -6.96 0 0 0 -.52 -.52 0 0 8\1-4cyli.dat
2 24 3.48 -8.2 0 -3.48 -8.2 0
4 16 3.48 -8.2 0 -3.48 -8.2 0 -3.48 -6 -14.48 3.48 -6 -14.48
4 16 -3.48 -2.255 -15.35 3.48 -2.25 -15.35 3.48 -5.48 -15 -3.48 -5.48 -15
4 16 3.48 -2.25 -15.35 -3.48 -2.255 -15.35 -3 -1.7324 -15.35 3 -1.7324 -15.35
4 16 3 -1.7324 -15.35 -3 -1.7324 -15.35 -3 0 -15.35 3 0 -15.35
4 16 3 1.7324 -15.35 3 0 -15.35 -3 0 -15.35 -3 1.7324 -15.35
4 16 -3 1.7324 -15.35 -3.48 2.255 -15.35 3.48 2.255 -15.35 3 1.7324 -15.35
4 16 3.48 2.255 -15.35 -3.48 2.255 -15.35 -3.48 5.48 -15 3.48 5.48 -15
2 24 3.48 8.2 0 -3.48 8.2 0
4 16 3.48 8.2 0 3.48 6 -14.48 -3.48 6 -14.48 -3.48 8.2 0
5 24 -3.48 -2.255 -15.35 3.48 -2.255 -15.35 3 -1.7324 -15.35 3.48 -5.48 -15
5 24 -3.48 2.255 -15.35 3.48 2.255 -15.35 3 1.7324 -15.35 3.48 5.48 -15

0 // Arrestors
0 BFC INVERTNEXT
1 16 -9 0 -3.15 0 5 0 -.25 0 0 0 0 .25 8\2-4cylo.dat
1 16 -9 0 -3.15 0 1 0 -.25 0 0 0 0 .25 8\2-4ndis.dat
1 16 -9 -1.133 -4.359 0 1 0 -.883 0 .117 -.176 0 -.589 8\2-4edge.dat
1 16 -9 -1.133 -4.359 0 5 0 -.883 0 .117 -.176 0 -.589 8\2-4cyli.dat
1 16 -9 -1.133 -4.359 0 1 0 -.883 0 .117 -.176 0 -.589 8\2-4chrd.dat
1 16 -9 1.133 -4.359 0 1 0 .883 0 -.117 -.176 0 -.589 8\2-4edge.dat
1 16 -9 1.133 -4.359 0 5 0 .883 0 -.117 -.176 0 -.589 8\2-4cyli.dat
1 16 -9 1.133 -4.359 0 1 0 .883 0 -.117 -.176 0 -.589 8\2-4chrd.dat
1 16 -6.5 -2.73 -2.268 -2.5 0 0 0 1 -.714 0 0 2.267 rect3.dat
1 16 -6.5 2.73 -2.268 -2.5 0 0 0 -1 .714 0 0 2.267 rect3.dat
4 16 -9 -.25 -2.9 -9 -.25 -4.183 -9 -2.016 -4.535 -9 -3.444 0
2 24 -9 -3.444 0 -9 3.444 0
4 16 -9 .25 -4.183 -9 .25 -2.9 -9 3.444 0 -9 2.016 -4.535
4 16 -9 -.25 -2.9 -9 -3.444 0 -9 3.444 0 -9 .25 -2.9
1 16 -6.5 -.25 -3.667 0 0 -2.5 0 -1 0 .517 0 0 rect2p.dat
1 16 -6.5 .25 -3.667 0 0 -2.5 0 1 0 .517 0 0 rect2p.dat

0 BFC INVERTNEXT
1 16 9 0 -3.15 0 -5 0 -.25 0 0 0 0 .25 8\2-4cylo.dat
1 16 9 0 -3.15 0 -1 0 -.25 0 0 0 0 .25 8\2-4ndis.dat
1 16 9 -1.133 -4.359 0 -1 0 -.883 0 .117 -.176 0 -.589 8\2-4edge.dat
1 16 9 -1.133 -4.359 0 -5 0 -.883 0 .117 -.176 0 -.589 8\2-4cyli.dat
1 16 9 -1.133 -4.359 0 -1 0 -.883 0 .117 -.176 0 -.589 8\2-4chrd.dat
1 16 9 1.133 -4.359 0 -1 0 .883 0 -.117 -.176 0 -.589 8\2-4edge.dat
1 16 9 1.133 -4.359 0 -5 0 .883 0 -.117 -.176 0 -.589 8\2-4cyli.dat
1 16 9 1.133 -4.359 0 -1 0 .883 0 -.117 -.176 0 -.589 8\2-4chrd.dat
1 16 6.5 -2.73 -2.268 2.5 0 0 0 1 -.714 0 0 2.267 rect3.dat
1 16 6.5 2.73 -2.268 2.5 0 0 0 -1 .714 0 0 2.267 rect3.dat
4 16 9 -2.016 -4.535 9 -.25 -4.183 9 -.25 -2.9 9 -3.444 0
2 24 9 -3.444 0 9 3.444 0
4 16 9 3.444 0 9 .25 -2.9 9 .25 -4.183 9 2.016 -4.535
4 16 9 3.444 0 9 -3.444 0 9 -.25 -2.9 9 .25 -2.9
1 16 6.5 -.25 -3.667 0 0 2.5 0 -1 0 .517 0 0 rect2p.dat
1 16 6.5 .25 -3.667 0 0 2.5 0 1 0 .517 0 0 rect2p.dat

5 24 3 0 -13.2059 3 0 -13 3.1233 -.9376 -12.9368 3.1233 .9376 -12.9368
5 24 -3 0 -13.2059 -3 0 -13 -3.1233 -.9376 -12.9368 -3.1233 .9376 -12.9368
5 24 4 2.016 -4.535 9 2.016 -4.535 4 1.6746 -4.8999 4 3.444 -.001
5 24 4 -2.016 -4.535 9 -2.016 -4.535 4 -1.6746 -4.8999 4 -3.444 -.001
5 24 -4 2.016 -4.535 -9 2.016 -4.535 -4 1.6746 -4.8999 -4 3.444 -.001
5 24 -4 -2.016 -4.535 -9 -2.016 -4.535 -4 -3.444 -.001 -4 -1.6746 -4.8999
5 24 9 .25 -4.184 4 .25 -4.184 9 .4259 -4.651 9 .25 -3.15
5 24 9 -.25 -4.184 4 -.25 -4.184 9 -.4259 -4.651 9 -.25 -3.15
5 24 -9 .25 -4.184 -4 .25 -4.184 -9 .4259 -4.651 -9 .25 -3.15
5 24 -9 -.25 -4.184 -4 -.25 -4.184 -9 -.4259 -4.651 -9 -.25 -3.15

5 24 3.48 -6 -14.48 -3.48 -6 -14.48 3.48 -5.8477 -14.8477 3.48 -8.2 0
5 24 3.48 -5.48 -15 -3.48 -5.48 -15 3.48 -5.8477 -14.8477 3.48 -2.26 -15.35
5 24 3.48 6 -14.48 -3.48 6 -14.48 3.48 5.8477 -14.8477 3.48 8.2 0
5 24 3.48 5.48 -15 -3.48 5.48 -15 3.48 5.8477 -14.8477 3.48 2.26 -15.35