0 Click Lock Hinge Single Finger for Arms Narrow Slot
0 Name: clh3.dat
0 Author: Donald Sutter [technog]
0 !LDRAW_ORG Primitive UPDATE 2026-09
0 !LICENSE Licensed under CC BY 4.0 : see CAreadme.txt

0 !HELP To use rotate accordingly and place on end of arm.

0 BFC CERTIFY CCW

0 !HISTORY 2004-03-02 [PTadmin] Official Update 2004-01
0 !HISTORY 2007-06-24 [PTadmin] Header formatted for Contributor Agreement
0 !HISTORY 2008-07-01 [PTadmin] Official Update 2008-01
0 !HISTORY 2012-02-16 [Philo] Changed to CCW, fixed gaps, condlines
0 !HISTORY 2012-03-30 [PTadmin] Official Update 2012-01
0 !HISTORY 2021-12-30 [MMR1988] Changed bottom triangulation and edges to avoid surface bleed-in
0 !HISTORY 2022-03-02 [GeraldLasser] Change to 8 Prims
0 !HISTORY 2022-03-06 [PTadmin] Official Update 2022-02
0 !HISTORY 2026-07-20 [MagFors] used quarter subfile
0 !HISTORY 2026-09-30 [OrionP] Official Update 2026-09

1 16 0 0 0 1 0 0 0 1 0 0 0 1 clh3q.dat
1 16 0 0 0 1 0 0 0 -1 0 0 0 1 clh3q.dat
1 16 0 0 0 -1 0 0 0 1 0 0 0 1 clh3q.dat
1 16 0 0 0 -1 0 0 0 -1 0 0 0 1 clh3q.dat

1 16 0 7.1 -7.24 0 0 -3.48 1.1 -1 0 7.24 0 0 rect1.dat
1 16 3.48 5.48 -14.48 0 -6.96 0 0 0 .52 -.52 0 0 8\1-4cyli.dat
1 16 0 -7.1 -7.24 0 0 -3.48 -1.1 1 0 7.24 0 0 rect1.dat
1 16 3.48 -5.48 -14.48 0 -6.96 0 0 0 -.52 -.52 0 0 8\1-4cyli.dat
1 16 -2 0 -10 0 1 0 0 0 -2.25 2.25 0 0 4-4disc.dat
1 16 -2 0 -10 0 1 0 0 0 -2.25 2.25 0 0 4-4edge.dat
0 BFC INVERTNEXT
1 16 -2.25 0 -10 0 .25 0 0 0 -2.25 2.25 0 0 4-4cyli.dat
1 16 -2.25 0 -10 0 1 0 0 0 -2.25 2.25 0 0 4-4edge.dat
0 BFC INVERTNEXT
1 16 -3 0 -10 0 .75 0 0 0 -.75 .75 0 0 4-4con3.dat
1 16 2 0 -10 0 -1 0 0 0 2.25 2.25 0 0 4-4disc.dat
1 16 2 0 -10 0 -1 0 0 0 2.25 2.25 0 0 4-4edge.dat
0 BFC INVERTNEXT
1 16 2.25 0 -10 0 -.25 0 0 0 2.25 2.25 0 0 4-4cyli.dat
1 16 2.25 0 -10 0 -1 0 0 0 2.25 2.25 0 0 4-4edge.dat
0 BFC INVERTNEXT
1 16 3 0 -10 0 -.75 0 0 0 .75 .75 0 0 4-4con3.dat
4 16 -3.48 -5.48 -15 -3.48 -2.255 -15.35 3.48 -2.255 -15.35 3.48 -5.48 -15
4 16 -3.48 -2.255 -15.35 -3 -1.7324 -15.35 3 -1.7324 -15.35 3.48 -2.255 -15.35
4 16 -3 -1.7324 -15.35 -3 0 -15.35 3 0 -15.35 3 -1.7324 -15.35
4 16 3.48 5.48 -15 3.48 2.255 -15.35 -3.48 2.255 -15.35 -3.48 5.48 -15
4 16 3.48 2.255 -15.35 3 1.7324 -15.35 -3 1.7324 -15.35 -3.48 2.255 -15.35
4 16 3 1.7324 -15.35 3 0 -15.35 -3 0 -15.35 -3 1.7324 -15.35
5 24 3.48 -2.255 -15.35 -3.48 -2.255 -15.35 0 0 -15.35 0 -5.48 -15
5 24 -3.48 2.255 -15.35 3.48 2.255 -15.35 0 0 -15.35 0 5.48 -15

1 16 9 0 -3.15 -.05 0 0 .25 1 0 0 0 .25 8\1-4edge.dat
1 16 9 0 -3.15 -.05 0 0 -.25 1 0 0 0 .25 8\1-4edge.dat
0 BFC INVERTNEXT
1 16 8.95 0 -3.15 0 -4.95 0 .25 0 0 0 0 .25 8\2-4cyli.dat
0 BFC INVERTNEXT
1 16 8.95 0 -3.15 0 .05 0 .25 0 0 0 0 .25 8\1-4cyls.dat
0 BFC INVERTNEXT
1 16 8.95 0 -3.15 0 .05 0 -.25 0 0 0 0 .25 8\1-4cyls.dat
0 BFC INVERTNEXT
1 16 -8.95 0 -3.15 0 -.05 0 .25 0 0 0 0 .25 8\1-4cyls.dat
0 BFC INVERTNEXT
1 16 -8.95 0 -3.15 0 -.05 0 -.25 0 0 0 0 .25 8\1-4cyls.dat
1 16 4 0 -3.15 0 -1 0 .25 0 0 0 0 .25 8\2-4edge.dat
1 16 9 0 -3.15 -.05 0 0 .25 -1 0 0 0 .25 8\1-4ndis.dat
1 16 9 0 -3.15 -.05 0 0 -.25 1 0 0 0 .25 8\1-4ndis.dat
1 16 8.774 1.133 -4.359 -.176 -4.6 0 .883 0 -.117 -.176 0 -.589 8\2-4cyli.dat
1 16 4 1.133 -4.359 0 .176 0 .883 0 -.117 -.176 0 -.589 8\2-4cyls.dat
1 16 8.774 -1.133 -4.359 -.176 -4.6 0 -.883 0 .117 -.176 0 -.589 8\2-4cyli.dat
1 16 8.774 -1.133 -4.359 -.176 -1 0 -.883 0 .117 -.176 0 -.589 8\2-4edge.dat
1 16 8.774 -1.133 -4.359 -.176 -1 0 -.883 0 .117 -.176 0 -.589 8\2-4chrd.dat
1 16 8.774 1.133 -4.359 -.176 -1 0 .883 0 -.117 -.176 0 -.589 8\2-4edge.dat
1 16 8.774 1.133 -4.359 -.176 -1 0 .883 0 -.117 -.176 0 -.589 8\2-4chrd.dat
1 16 -8.774 -1.133 -4.359 .176 1 0 -.883 0 .117 -.176 0 -.589 8\2-4edge.dat
1 16 -8.774 -1.133 -4.359 .176 1 0 -.883 0 .117 -.176 0 -.589 8\2-4chrd.dat
1 16 -8.774 1.133 -4.359 .176 1 0 .883 0 -.117 -.176 0 -.589 8\2-4edge.dat
1 16 -8.774 1.133 -4.359 .176 1 0 .883 0 -.117 -.176 0 -.589 8\2-4chrd.dat
1 16 4 -1.133 -4.359 0 .176 0 -.883 0 .117 -.176 0 -.589 8\2-4cyls.dat
4 16 8.95 .25 -2.9 8.95 .25 -4.183 8.598 2.016 -4.535 8.315 3.444 0
2 24 8.315 3.444 0 8.598 2.016 -4.535
4 16 8.95 -.25 -4.183 8.95 -.25 -2.9 8.315 -3.444 0 8.598 -2.016 -4.535
2 24 8.315 -3.444 0 8.598 -2.016 -4.535
4 16 9 0 -2.9 9 0 0 8.315 -3.444 0 8.95 -.25 -2.9
5 24 9 0 0 9 0 -2.9 8.315 3.444 0 8.315 -3.444 0
4 16 8.95 .25 -2.9 8.315 3.444 0 9 0 0 9 0 -2.9
1 16 6.475 .25 -3.667 0 0 2.475 0 1 0 .517 0 0 rect2p.dat
1 16 6.475 -.25 -3.667 0 0 2.475 0 -1 0 .517 0 0 rect2p.dat
1 16 -9 0 -3.15 .05 0 0 -.25 1 0 0 0 .25 8\1-4edge.dat
1 16 -9 0 -3.15 .05 0 0 .25 1 0 0 0 .25 8\1-4edge.dat
0 BFC INVERTNEXT
1 16 -8.95 0 -3.15 0 4.95 0 -.25 0 0 0 0 .25 8\2-4cyli.dat
1 16 -4 0 -3.15 0 1 0 -.25 0 0 0 0 .25 8\2-4edge.dat
1 16 -9 0 -3.15 .05 0 0 -.25 1 0 0 0 .25 8\1-4ndis.dat
1 16 -9 0 -3.15 .05 0 0 .25 -1 0 0 0 .25 8\1-4ndis.dat
1 16 -8.774 -1.133 -4.359 .176 4.6 0 -.883 0 .117 -.176 0 -.589 8\2-4cyli.dat
1 16 -4 -1.133 -4.359 0 -.176 0 -.883 0 .117 -.176 0 -.589 8\2-4cyls.dat
1 16 -8.774 1.133 -4.359 .176 4.6 0 .883 0 -.117 -.176 0 -.589 8\2-4cyli.dat
1 16 -4 1.133 -4.359 0 -.176 0 .883 0 -.117 -.176 0 -.589 8\2-4cyls.dat
4 16 -8.95 -.25 -2.9 -8.95 -.25 -4.183 -8.598 -2.016 -4.535 -8.315 -3.444 0
2 24 -8.315 -3.444 0 -8.598 -2.016 -4.535
4 16 -8.95 .25 -4.183 -8.95 .25 -2.9 -8.315 3.444 0 -8.598 2.016 -4.535
2 24 -8.315 3.444 0 -8.598 2.016 -4.535
4 16 -9 0 -2.9 -9 0 0 -8.315 3.444 0 -8.95 .25 -2.9
5 24 -9 0 0 -9 0 -2.9 -8.315 -3.444 0 -8.315 3.444 0
4 16 -8.95 -.25 -2.9 -8.315 -3.444 0 -9 0 0 -9 0 -2.9
1 16 -6.475 -.25 -3.667 0 0 -2.475 0 -1 0 .517 0 0 rect2p.dat
1 16 -6.475 .25 -3.667 0 0 -2.475 0 1 0 .517 0 0 rect2p.dat
2 24 4 3.444 -.001 8.315 3.444 0
2 24 4 2.016 -4.535 4 3.444 -.001
4 16 8.315 3.444 0 8.598 2.016 -4.535 4 2.016 -4.535 4 3.444 -.001
2 24 4 -3.444 -.001 8.315 -3.444 0
2 24 4 -2.016 -4.535 4 -3.444 -.001
4 16 4 -3.444 -.001 4 -2.016 -4.535 8.598 -2.016 -4.535 8.315 -3.444 0
2 24 -4 3.444 -.001 -8.315 3.444 0
2 24 -4 2.016 -4.535 -4 3.444 -.001
4 16 -4 3.444 -.001 -4 2.016 -4.535 -8.598 2.016 -4.535 -8.315 3.444 0
2 24 -4 -3.444 -.001 -8.315 -3.444 0
2 24 -4 -2.016 -4.535 -4 -3.444 -.001
4 16 -8.315 -3.444 0 -8.598 -2.016 -4.535 -4 -2.016 -4.535 -4 -3.444 -.001

5 24 3.998 -2.016 -4.535 8.598 -2.016 -4.535 8.6496 -1.6746 -4.8999 8.315 -3.444 0
5 24 4 -.25 -4.184 8.95 -.25 -4.184 8.8984 -.4259 -4.651 8.95 -.25 -3.15
5 24 3.998 2.016 -4.535 8.598 2.016 -4.535 8.6496 1.6746 -4.8999 8.315 3.444 0
5 24 4 .25 -4.184 8.95 .25 -4.184 8.8984 .4259 -4.651 8.95 .25 -3.15
5 24 -3.998 -2.016 -4.535 -8.598 -2.016 -4.535 -8.6496 -1.6746 -4.8999 -8.315 -3.444 0
5 24 -4 -.25 -4.184 -8.95 -.25 -4.184 -8.8984 -.4259 -4.651 -8.95 -.25 -3.15
5 24 -3.998 2.016 -4.535 -8.598 2.016 -4.535 -8.6496 1.6746 -4.8999 -8.315 3.444 0
5 24 -4 .25 -4.184 -8.95 .25 -4.184 -8.8984 .4259 -4.651 -8.95 .25 -3.15
5 24 3 0 -13.2059 3 0 -13 3.1233 -.9376 -12.9368 3.1233 .9376 -12.9368
5 24 -3 0 -13.2059 -3 0 -13 -3.1233 -.9376 -12.9368 -3.1233 .9376 -12.9368
5 24 3.48 -6 -14.48 -3.48 -6 -14.48 3.48 -5.8477 -14.8477 3.48 -8.2 0
5 24 3.48 -5.48 -15 -3.48 -5.48 -15 3.48 -5.8477 -14.8477 3.48 -2.255 -15.35
5 24 3.48 6 -14.48 -3.48 6 -14.48 3.48 5.8477 -14.8477 3.48 8.2 0
5 24 3.48 5.48 -15 -3.48 5.48 -15 3.48 5.8477 -14.8477 3.48 2.255 -15.35
5 24 8.598 2.016 -4.535 8.95 .25 -4.184 8.6496 1.6746 -4.8999 8.315 3.444 0
5 24 8.95 -.25 -4.184 8.598 -2.016 -4.535 8.6496 -1.6746 -4.8999 8.315 -3.444 0
5 24 -8.95 -.25 -4.184 -8.598 -2.016 -4.535 -8.6496 -1.6746 -4.8999 -8.315 -3.444 0
5 24 -8.95 .25 -4.184 -8.598 2.016 -4.535 -8.6496 1.6746 -4.8999 -8.315 3.444 0